1 1 325
2 2 545
1 2 580
4 4 680
1 3 682
5 5 684
10 10 707
3 3 710
1 4 717
5 10 738
7 7 742
2 4 755
1 5 760
2 5 771
1 7 773
2 3 774
1 6 789
6 6 790
8 8 790
2 10 795
2 6 808
1 8 812
9 9 816
3 5 816
3 4 817
1 10 828
4 7 828
2 7 829
4 5 829
3 6 832
2 8 833
1 9 834
5 7 837
4 10 838
4 6 839
2 9 842
3 9 846
3 10 848
4 8 852
5 6 852
7 10 854
5 8 859
3 7 860
6 10 864
7 8 865
4 9 867
8 10 867
6 8 868
7 9 869
5 9 871
9 10 871
6 9 872
6 7 873
3 8 876
8 9 886
