839 22
961 23
967 24
955 25
965 26
985 27
959 28
989 28
914 29
817 30
857 30
863 30
785 31
809 31
811 31
841 31
862 31
911 31
815 32
835 32
860 32
865 32
887 32
916 32
919 32
964 32
983 32
787 33
822 33
886 33
913 33
982 33
739 34
767 34
866 34
869 34
956 34
981 34
991 34
691 35
743 35
818 35
830 35
881 35
889 35
915 35
769 36
813 36
831 36
908 36
922 36
951 36
963 36
969 36
978 36
986 36
995 36
715 37
861 37
868 37
878 37
884 37
892 37
962 37
966 37
971 37
979 37
659 38
661 38
783 38
791 38
814 38
829 38
836 38
845 38
880 38
883 38
907 38
917 38
926 38
970 38
974 38
643 39
655 39
689 39
695 39
761 39
763 39
778 39
779 39
807 39
820 39
821 39
837 39
838 39
893 39
909 39
557 40
683 40
713 40
717 40
737 40
786 40
805 40
842 40
844 40
856 40
891 40
905 40
910 40
928 40
943 40
944 40
953 40
958 40
984 40
987 40
993 40
545 41
566 41
617 41
641 41
645 41
685 41
711 41
764 41
782 41
833 41
849 41
851 41
859 41
890 41
895 41
932 41
949 41
968 41
976 41
980 41
999 41
541 42
563 42
614 42
669 42
733 42
745 42
755 42
759 42
766 42
781 42
789 42
793 42
806 42
823 42
872 42
894 42
945 42
946 42
957 42
960 42
977 42
988 42
990 42
433 43
565 43
587 43
589 43
611 43
640 43
662 43
665 43
667 43
681 43
707 43
732 43
736 43
794 43
832 43
854 43
858 43
867 43
870 43
885 43
888 43
920 43
921 43
931 43
935 43
947 43
954 43
431 44
543 44
555 44
586 44
631 44
660 44
678 44
718 44
719 44
731 44
734 44
738 44
740 44
751 44
765 44
771 44
772 44
784 44
790 44
799 44
812 44
827 44
828 44
834 44
843 44
906 44
912 44
929 44
972 44
992 44
466 45
542 45
559 45
619 45
633 45
634 45
635 45
638 45
649 45
664 45
682 45
684 45
687 45
709 45
716 45
757 45
762 45
804 45
808 45
816 45
819 45
826 45
846 45
864 45
871 45
879 45
930 45
367 46
419 46
434 46
461 46
533 46
535 46
569 46
592 46
608 46
610 46
636 46
639 46
642 46
647 46
670 46
710 46
735 46
741 46
758 46
780 46
788 46
795 46
824 46
840 46
853 46
855 46
874 46
901 46
940 46
941 46
973 46
994 46
997 46
998 46
386 47
389 47
418 47
430 47
436 47
481 47
554 47
556 47
560 47
578 47
583 47
591 47
607 47
609 47
613 47
622 47
637 47
646 47
651 47
663 47
666 47
668 47
680 47
686 47
701 47
722 47
730 47
742 47
760 47
768 47
801 47
802 47
848 47
359 48
361 48
383 48
391 48
409 48
415 48
417 48
439 48
441 48
457 48
464 48
511 48
530 48
531 48
534 48
536 48
537 48
538 48
539 48
551 48
561 48
567 48
570 48
581 48
585 48
593 48
605 48
615 48
620 48
632 48
654 48
657 48
690 48
692 48
705 48
749 48
770 48
776 48
777 48
796 48
798 48
810 48
877 48
898 48
899 48
918 48
923 48
934 48
948 48
952 48
335 49
382 49
422 49
428 49
458 49
463 49
470 49
478 49
482 49
485 49
489 49
493 49
509 49
517 49
519 49
540 49
544 49
568 49
580 49
601 49
628 49
644 49
653 49
656 49
658 49
674 49
688 49
694 49
706 49
712 49
746 49
773 49
847 49
873 49
882 49
902 49
924 49
927 49
933 49
942 49
996 49
355 50
388 50
414 50
435 50
437 50
442 50
445 50
449 50
467 50
469 50
472 50
484 50
486 50
514 50
515 50
518 50
532 50
547 50
564 50
582 50
590 50
595 50
599 50
616 50
618 50
671 50
672 50
697 50
699 50
703 50
708 50
714 50
720 50
792 50
797 50
852 50
876 50
904 50
233 51
263 51
289 51
314 51
337 51
339 51
385 51
394 51
411 51
413 51
421 51
443 51
451 51
452 51
455 51
465 51
479 51
491 51
512 51
513 51
516 51
520 51
521 51
522 51
526 51
529 51
548 51
549 51
553 51
558 51
562 51
571 51
572 51
584 51
588 51
594 51
606 51
623 51
626 51
630 51
693 51
696 51
704 51
721 51
728 51
748 51
754 51
774 51
896 51
937 51
939 51
215 52
230 52
235 52
241 52
265 52
266 52
269 52
281 52
287 52
311 52
315 52
319 52
332 52
340 52
341 52
345 52
363 52
365 52
368 52
370 52
377 52
380 52
381 52
395 52
401 52
405 52
407 52
412 52
416 52
427 52
440 52
459 52
460 52
471 52
474 52
487 52
488 52
495 52
505 52
507 52
510 52
577 52
579 52
612 52
621 52
627 52
673 52
676 52
679 52
729 52
744 52
747 52
752 52
753 52
803 52
897 52
903 52
214 53
217 53
218 53
220 53
231 53
236 53
239 53
240 53
260 53
261 53
264 53
285 53
291 53
309 53
313 53
316 53
317 53
318 53
321 53
330 53
331 53
333 53
334 53
360 53
362 53
366 53
373 53
374 53
387 53
390 53
393 53
408 53
423 53
429 53
438 53
468 53
477 53
480 53
490 53
499 53
502 53
506 53
508 53
524 53
527 53
546 53
604 53
629 53
677 53
698 53
702 53
724 53
727 53
756 53
936 53
109 54
132 54
141 54
159 54
161 54
163 54
164 54
165 54
166 54
168 54
169 54
181 54
182 54
209 54
212 54
213 54
216 54
219 54
221 54
224 54
227 54
228 54
229 54
232 54
234 54
237 54
238 54
242 54
243 54
257 54
259 54
262 54
268 54
270 54
282 54
283 54
284 54
286 54
288 54
290 54
293 54
307 54
312 54
320 54
323 54
327 54
329 54
338 54
343 54
349 54
351 54
358 54
369 54
371 54
379 54
384 54
392 54
398 54
402 54
410 54
420 54
424 54
426 54
432 54
444 54
447 54
448 54
462 54
473 54
476 54
483 54
494 54
497 54
498 54
501 54
503 54
523 54
528 54
552 54
573 54
574 54
576 54
596 54
597 54
598 54
602 54
603 54
648 54
652 54
723 54
726 54
875 54
100 55
101 55
102 55
103 55
104 55
105 55
106 55
107 55
108 55
110 55
111 55
112 55
113 55
114 55
115 55
116 55
117 55
118 55
119 55
120 55
121 55
122 55
123 55
124 55
125 55
126 55
127 55
128 55
129 55
130 55
131 55
133 55
134 55
135 55
136 55
137 55
138 55
139 55
140 55
142 55
143 55
144 55
145 55
146 55
147 55
148 55
149 55
150 55
151 55
152 55
153 55
154 55
155 55
156 55
157 55
158 55
160 55
162 55
167 55
170 55
171 55
172 55
173 55
174 55
175 55
176 55
177 55
178 55
179 55
180 55
183 55
184 55
185 55
186 55
187 55
188 55
189 55
190 55
191 55
192 55
193 55
194 55
195 55
196 55
197 55
198 55
199 55
200 55
201 55
202 55
203 55
204 55
205 55
206 55
207 55
208 55
210 55
211 55
222 55
223 55
225 55
226 55
244 55
245 55
246 55
247 55
248 55
249 55
250 55
251 55
252 55
253 55
254 55
255 55
256 55
258 55
267 55
271 55
272 55
273 55
274 55
275 55
276 55
277 55
278 55
279 55
280 55
292 55
294 55
295 55
296 55
297 55
298 55
299 55
300 55
301 55
302 55
303 55
304 55
305 55
306 55
308 55
310 55
322 55
324 55
325 55
326 55
328 55
336 55
342 55
344 55
346 55
347 55
348 55
350 55
352 55
353 55
354 55
356 55
357 55
364 55
372 55
375 55
376 55
378 55
396 55
397 55
399 55
400 55
403 55
404 55
406 55
425 55
446 55
450 55
453 55
454 55
456 55
475 55
492 55
496 55
500 55
504 55
525 55
550 55
575 55
600 55
624 55
625 55
650 55
675 55
700 55
725 55
750 55
775 55
800 55
825 55
850 55
900 55
925 55
938 55
950 55
975 55
