100 0.0
101 0.0
102 0.0
103 0.0
104 0.0
105 0.0
106 0.0
107 0.0
108 0.0
110 0.0
111 0.0
112 0.0
113 0.0
114 0.0
115 0.0
116 0.0
117 0.0
118 0.0
119 0.0
120 0.0
121 0.0
122 0.0
123 0.0
124 0.0
125 0.0
126 0.0
127 0.0
128 0.0
129 0.0
130 0.0
131 0.0
133 0.0
134 0.0
135 0.0
136 0.0
137 0.0
138 0.0
139 0.0
140 0.0
142 0.0
143 0.0
144 0.0
145 0.0
146 0.0
147 0.0
148 0.0
149 0.0
150 0.0
151 0.0
152 0.0
153 0.0
154 0.0
155 0.0
156 0.0
157 0.0
158 0.0
160 0.0
162 0.0
167 0.0
170 0.0
171 0.0
172 0.0
173 0.0
174 0.0
175 0.0
176 0.0
177 0.0
178 0.0
179 0.0
180 0.0
183 0.0
184 0.0
185 0.0
186 0.0
187 0.0
188 0.0
189 0.0
190 0.0
191 0.0
192 0.0
193 0.0
194 0.0
195 0.0
196 0.0
197 0.0
198 0.0
199 0.0
200 0.0
201 0.0
202 0.0
203 0.0
204 0.0
205 0.0
206 0.0
207 0.0
208 0.0
210 0.0
211 0.0
222 0.0
223 0.0
225 0.0
226 0.0
244 0.0
245 0.0
246 0.0
247 0.0
248 0.0
249 0.0
250 0.0
251 0.0
252 0.0
253 0.0
254 0.0
255 0.0
256 0.0
258 0.0
267 0.0
271 0.0
272 0.0
273 0.0
274 0.0
275 0.0
276 0.0
277 0.0
278 0.0
279 0.0
280 0.0
292 0.0
294 0.0
295 0.0
296 0.0
297 0.0
298 0.0
299 0.0
300 0.0
301 0.0
302 0.0
303 0.0
304 0.0
305 0.0
306 0.0
308 0.0
310 0.0
322 0.0
324 0.0
325 0.0
326 0.0
328 0.0
336 0.0
342 0.0
344 0.0
346 0.0
347 0.0
348 0.0
350 0.0
352 0.0
353 0.0
354 0.0
356 0.0
357 0.0
364 0.0
372 0.0
375 0.0
376 0.0
378 0.0
396 0.0
397 0.0
399 0.0
400 0.0
403 0.0
404 0.0
406 0.0
425 0.0
446 0.0
450 0.0
453 0.0
454 0.0
456 0.0
475 0.0
492 0.0
496 0.0
500 0.0
504 0.0
525 0.0
550 0.0
575 0.0
600 0.0
624 0.0
625 0.0
650 0.0
675 0.0
700 0.0
725 0.0
750 0.0
775 0.0
800 0.0
825 0.0
850 0.0
900 0.0
925 0.0
938 0.0
950 0.0
975 0.0
109 0.01818181818181818
132 0.01818181818181818
141 0.01818181818181818
159 0.01818181818181818
161 0.01818181818181818
163 0.01818181818181818
166 0.01818181818181818
168 0.01818181818181818
169 0.01818181818181818
181 0.01818181818181818
182 0.01818181818181818
209 0.01818181818181818
212 0.01818181818181818
221 0.01818181818181818
224 0.01818181818181818
227 0.01818181818181818
228 0.01818181818181818
229 0.01818181818181818
242 0.01818181818181818
243 0.01818181818181818
257 0.01818181818181818
259 0.01818181818181818
268 0.01818181818181818
270 0.01818181818181818
282 0.01818181818181818
283 0.01818181818181818
284 0.01818181818181818
290 0.01818181818181818
293 0.01818181818181818
307 0.01818181818181818
320 0.01818181818181818
323 0.01818181818181818
327 0.01818181818181818
329 0.01818181818181818
343 0.01818181818181818
349 0.01818181818181818
351 0.01818181818181818
358 0.01818181818181818
369 0.01818181818181818
371 0.01818181818181818
379 0.01818181818181818
392 0.01818181818181818
398 0.01818181818181818
402 0.01818181818181818
424 0.01818181818181818
426 0.01818181818181818
444 0.01818181818181818
447 0.01818181818181818
448 0.01818181818181818
462 0.01818181818181818
476 0.01818181818181818
494 0.01818181818181818
497 0.01818181818181818
498 0.01818181818181818
501 0.01818181818181818
503 0.01818181818181818
523 0.01818181818181818
528 0.01818181818181818
552 0.01818181818181818
573 0.01818181818181818
574 0.01818181818181818
576 0.01818181818181818
596 0.01818181818181818
597 0.01818181818181818
598 0.01818181818181818
602 0.01818181818181818
603 0.01818181818181818
648 0.01818181818181818
652 0.01818181818181818
723 0.01818181818181818
726 0.01818181818181818
164 0.03636363636363636
165 0.03636363636363636
213 0.03636363636363636
288 0.03636363636363636
291 0.03636363636363636
309 0.03636363636363636
312 0.03636363636363636
321 0.03636363636363636
330 0.03636363636363636
331 0.03636363636363636
338 0.03636363636363636
373 0.03636363636363636
374 0.03636363636363636
393 0.03636363636363636
408 0.03636363636363636
410 0.03636363636363636
423 0.03636363636363636
432 0.03636363636363636
438 0.03636363636363636
473 0.03636363636363636
477 0.03636363636363636
490 0.03636363636363636
499 0.03636363636363636
502 0.03636363636363636
506 0.03636363636363636
508 0.03636363636363636
524 0.03636363636363636
527 0.03636363636363636
604 0.03636363636363636
629 0.03636363636363636
677 0.03636363636363636
698 0.03636363636363636
702 0.03636363636363636
724 0.03636363636363636
727 0.03636363636363636
936 0.03636363636363636
219 0.05454545454545454
220 0.05454545454545454
240 0.05454545454545454
241 0.05454545454545454
260 0.05454545454545454
266 0.05454545454545454
269 0.05454545454545454
281 0.05454545454545454
285 0.05454545454545454
286 0.05454545454545454
311 0.05454545454545454
318 0.05454545454545454
319 0.05454545454545454
334 0.05454545454545454
341 0.05454545454545454
345 0.05454545454545454
360 0.05454545454545454
362 0.05454545454545454
363 0.05454545454545454
365 0.05454545454545454
366 0.05454545454545454
370 0.05454545454545454
377 0.05454545454545454
380 0.05454545454545454
381 0.05454545454545454
390 0.05454545454545454
395 0.05454545454545454
401 0.05454545454545454
405 0.05454545454545454
407 0.05454545454545454
420 0.05454545454545454
427 0.05454545454545454
429 0.05454545454545454
474 0.05454545454545454
495 0.05454545454545454
505 0.05454545454545454
507 0.05454545454545454
510 0.05454545454545454
577 0.05454545454545454
621 0.05454545454545454
627 0.05454545454545454
673 0.05454545454545454
676 0.05454545454545454
752 0.05454545454545454
214 0.07272727272727272
230 0.07272727272727272
231 0.07272727272727272
232 0.07272727272727272
238 0.07272727272727272
239 0.07272727272727272
261 0.07272727272727272
262 0.07272727272727272
264 0.07272727272727272
265 0.07272727272727272
289 0.07272727272727272
313 0.07272727272727272
317 0.07272727272727272
332 0.07272727272727272
333 0.07272727272727272
337 0.07272727272727272
340 0.07272727272727272
368 0.07272727272727272
384 0.07272727272727272
394 0.07272727272727272
440 0.07272727272727272
443 0.07272727272727272
451 0.07272727272727272
452 0.07272727272727272
455 0.07272727272727272
459 0.07272727272727272
460 0.07272727272727272
488 0.07272727272727272
491 0.07272727272727272
521 0.07272727272727272
522 0.07272727272727272
526 0.07272727272727272
529 0.07272727272727272
546 0.07272727272727272
548 0.07272727272727272
549 0.07272727272727272
572 0.07272727272727272
579 0.07272727272727272
594 0.07272727272727272
606 0.07272727272727272
623 0.07272727272727272
626 0.07272727272727272
679 0.07272727272727272
728 0.07272727272727272
729 0.07272727272727272
747 0.07272727272727272
748 0.07272727272727272
753 0.07272727272727272
774 0.07272727272727272
897 0.07272727272727272
903 0.07272727272727272
937 0.07272727272727272
939 0.07272727272727272
216 0.09090909090909091
218 0.09090909090909091
237 0.09090909090909091
287 0.09090909090909091
316 0.09090909090909091
355 0.09090909090909091
421 0.09090909090909091
437 0.09090909090909091
445 0.09090909090909091
449 0.09090909090909091
480 0.09090909090909091
487 0.09090909090909091
512 0.09090909090909091
516 0.09090909090909091
520 0.09090909090909091
553 0.09090909090909091
571 0.09090909090909091
595 0.09090909090909091
599 0.09090909090909091
630 0.09090909090909091
672 0.09090909090909091
699 0.09090909090909091
721 0.09090909090909091
756 0.09090909090909091
803 0.09090909090909091
215 0.10909090909090909
217 0.10909090909090909
234 0.10909090909090909
335 0.10909090909090909
339 0.10909090909090909
387 0.10909090909090909
411 0.10909090909090909
416 0.10909090909090909
442 0.10909090909090909
458 0.10909090909090909
463 0.10909090909090909
471 0.10909090909090909
479 0.10909090909090909
489 0.10909090909090909
493 0.10909090909090909
509 0.10909090909090909
513 0.10909090909090909
518 0.10909090909090909
519 0.10909090909090909
547 0.10909090909090909
601 0.10909090909090909
628 0.10909090909090909
671 0.10909090909090909
674 0.10909090909090909
696 0.10909090909090909
697 0.10909090909090909
703 0.10909090909090909
704 0.10909090909090909
744 0.10909090909090909
896 0.10909090909090909
902 0.10909090909090909
924 0.10909090909090909
236 0.12727272727272726
263 0.12727272727272726
314 0.12727272727272726
315 0.12727272727272726
359 0.12727272727272726
382 0.12727272727272726
391 0.12727272727272726
409 0.12727272727272726
412 0.12727272727272726
422 0.12727272727272726
428 0.12727272727272726
435 0.12727272727272726
439 0.12727272727272726
457 0.12727272727272726
465 0.12727272727272726
468 0.12727272727272726
472 0.12727272727272726
478 0.12727272727272726
483 0.12727272727272726
511 0.12727272727272726
515 0.12727272727272726
517 0.12727272727272726
532 0.12727272727272726
551 0.12727272727272726
605 0.12727272727272726
653 0.12727272727272726
720 0.12727272727272726
749 0.12727272727272726
754 0.12727272727272726
773 0.12727272727272726
776 0.12727272727272726
777 0.12727272727272726
797 0.12727272727272726
852 0.12727272727272726
875 0.12727272727272726
898 0.12727272727272726
899 0.12727272727272726
904 0.12727272727272726
948 0.12727272727272726
233 0.14545454545454545
385 0.14545454545454545
388 0.14545454545454545
413 0.14545454545454545
441 0.14545454545454545
464 0.14545454545454545
530 0.14545454545454545
531 0.14545454545454545
578 0.14545454545454545
590 0.14545454545454545
593 0.14545454545454545
607 0.14545454545454545
616 0.14545454545454545
620 0.14545454545454545
622 0.14545454545454545
651 0.14545454545454545
701 0.14545454545454545
722 0.14545454545454545
760 0.14545454545454545
801 0.14545454545454545
923 0.14545454545454545
927 0.14545454545454545
934 0.14545454545454545
952 0.14545454545454545
235 0.16363636363636364
361 0.16363636363636364
383 0.16363636363636364
417 0.16363636363636364
430 0.16363636363636364
436 0.16363636363636364
461 0.16363636363636364
467 0.16363636363636364
486 0.16363636363636364
580 0.16363636363636364
612 0.16363636363636364
618 0.16363636363636364
654 0.16363636363636364
741 0.16363636363636364
746 0.16363636363636364
798 0.16363636363636364
824 0.16363636363636364
901 0.16363636363636364
933 0.16363636363636364
940 0.16363636363636364
942 0.16363636363636364
389 0.18181818181818182
414 0.18181818181818182
418 0.18181818181818182
469 0.18181818181818182
470 0.18181818181818182
484 0.18181818181818182
485 0.18181818181818182
514 0.18181818181818182
534 0.18181818181818182
544 0.18181818181818182
554 0.18181818181818182
570 0.18181818181818182
588 0.18181818181818182
591 0.18181818181818182
609 0.18181818181818182
644 0.18181818181818182
647 0.18181818181818182
649 0.18181818181818182
693 0.18181818181818182
705 0.18181818181818182
730 0.18181818181818182
796 0.18181818181818182
802 0.18181818181818182
826 0.18181818181818182
876 0.18181818181818182
941 0.18181818181818182
973 0.18181818181818182
415 0.2
419 0.2
431 0.2
482 0.2
533 0.2
536 0.2
537 0.2
558 0.2
615 0.2
646 0.2
656 0.2
678 0.2
680 0.2
694 0.2
706 0.2
708 0.2
740 0.2
751 0.2
799 0.2
848 0.2
877 0.2
367 0.21818181818181817
535 0.21818181818181817
556 0.21818181818181817
581 0.21818181818181817
582 0.21818181818181817
584 0.21818181818181817
592 0.21818181818181817
608 0.21818181818181817
610 0.21818181818181817
619 0.21818181818181817
657 0.21818181818181817
670 0.21818181818181817
742 0.21818181818181817
757 0.21818181818181817
770 0.21818181818181817
827 0.21818181818181817
847 0.21818181818181817
935 0.21818181818181817
972 0.21818181818181817
386 0.23636363636363636
434 0.23636363636363636
466 0.23636363636363636
481 0.23636363636363636
538 0.23636363636363636
540 0.23636363636363636
632 0.23636363636363636
633 0.23636363636363636
634 0.23636363636363636
692 0.23636363636363636
758 0.23636363636363636
759 0.23636363636363636
762 0.23636363636363636
780 0.23636363636363636
792 0.23636363636363636
795 0.23636363636363636
804 0.23636363636363636
433 0.2545454545454545
539 0.2545454545454545
555 0.2545454545454545
562 0.2545454545454545
564 0.2545454545454545
568 0.2545454545454545
613 0.2545454545454545
635 0.2545454545454545
637 0.2545454545454545
658 0.2545454545454545
738 0.2545454545454545
765 0.2545454545454545
771 0.2545454545454545
772 0.2545454545454545
823 0.2545454545454545
828 0.2545454545454545
849 0.2545454545454545
851 0.2545454545454545
853 0.2545454545454545
929 0.2545454545454545
930 0.2545454545454545
947 0.2545454545454545
949 0.2545454545454545
976 0.2545454545454545
977 0.2545454545454545
996 0.2545454545454545
569 0.2727272727272727
585 0.2727272727272727
631 0.2727272727272727
636 0.2727272727272727
714 0.2727272727272727
719 0.2727272727272727
731 0.2727272727272727
735 0.2727272727272727
768 0.2727272727272727
873 0.2727272727272727
906 0.2727272727272727
918 0.2727272727272727
542 0.2909090909090909
543 0.2909090909090909
560 0.2909090909090909
561 0.2909090909090909
567 0.2909090909090909
583 0.2909090909090909
589 0.2909090909090909
611 0.2909090909090909
668 0.2909090909090909
712 0.2909090909090909
732 0.2909090909090909
736 0.2909090909090909
745 0.2909090909090909
755 0.2909090909090909
761 0.2909090909090909
764 0.2909090909090909
874 0.2909090909090909
879 0.2909090909090909
882 0.2909090909090909
888 0.2909090909090909
912 0.2909090909090909
928 0.2909090909090909
994 0.2909090909090909
545 0.3090909090909091
559 0.3090909090909091
617 0.3090909090909091
642 0.3090909090909091
645 0.3090909090909091
686 0.3090909090909091
688 0.3090909090909091
707 0.3090909090909091
709 0.3090909090909091
890 0.3090909090909091
895 0.3090909090909091
926 0.3090909090909091
960 0.3090909090909091
974 0.3090909090909091
992 0.3090909090909091
586 0.32727272727272727
587 0.32727272727272727
614 0.32727272727272727
638 0.32727272727272727
639 0.32727272727272727
666 0.32727272727272727
681 0.32727272727272727
690 0.32727272727272727
733 0.32727272727272727
734 0.32727272727272727
778 0.32727272727272727
781 0.32727272727272727
794 0.32727272727272727
885 0.32727272727272727
905 0.32727272727272727
920 0.32727272727272727
921 0.32727272727272727
931 0.32727272727272727
932 0.32727272727272727
953 0.32727272727272727
997 0.32727272727272727
655 0.34545454545454546
663 0.34545454545454546
664 0.34545454545454546
669 0.34545454545454546
684 0.34545454545454546
695 0.34545454545454546
718 0.34545454545454546
779 0.34545454545454546
793 0.34545454545454546
819 0.34545454545454546
846 0.34545454545454546
894 0.34545454545454546
910 0.34545454545454546
946 0.34545454545454546
951 0.34545454545454546
954 0.34545454545454546
958 0.34545454545454546
988 0.34545454545454546
993 0.34545454545454546
998 0.34545454545454546
541 0.36363636363636365
565 0.36363636363636365
687 0.36363636363636365
710 0.36363636363636365
737 0.36363636363636365
763 0.36363636363636365
788 0.36363636363636365
806 0.36363636363636365
808 0.36363636363636365
832 0.36363636363636365
854 0.36363636363636365
855 0.36363636363636365
889 0.36363636363636365
971 0.36363636363636365
990 0.36363636363636365
557 0.38181818181818183
641 0.38181818181818183
643 0.38181818181818183
665 0.38181818181818183
667 0.38181818181818183
682 0.38181818181818183
716 0.38181818181818183
766 0.38181818181818183
782 0.38181818181818183
805 0.38181818181818183
816 0.38181818181818183
821 0.38181818181818183
834 0.38181818181818183
945 0.38181818181818183
957 0.38181818181818183
970 0.38181818181818183
980 0.38181818181818183
563 0.4
566 0.4
640 0.4
739 0.4
743 0.4
784 0.4
810 0.4
820 0.4
833 0.4
891 0.4
909 0.4
922 0.4
943 0.4
962 0.4
978 0.4
685 0.41818181818181815
711 0.41818181818181815
789 0.41818181818181815
807 0.41818181818181815
829 0.41818181818181815
864 0.41818181818181815
878 0.41818181818181815
659 0.43636363636363634
660 0.43636363636363634
662 0.43636363636363634
713 0.43636363636363634
769 0.43636363636363634
790 0.43636363636363634
812 0.43636363636363634
831 0.43636363636363634
880 0.43636363636363634
884 0.43636363636363634
893 0.43636363636363634
911 0.43636363636363634
968 0.43636363636363634
987 0.43636363636363634
689 0.45454545454545453
717 0.45454545454545453
871 0.45454545454545453
872 0.45454545454545453
883 0.45454545454545453
917 0.45454545454545453
969 0.45454545454545453
979 0.45454545454545453
995 0.45454545454545453
683 0.4727272727272727
783 0.4727272727272727
791 0.4727272727272727
822 0.4727272727272727
830 0.4727272727272727
840 0.4727272727272727
858 0.4727272727272727
859 0.4727272727272727
886 0.4727272727272727
892 0.4727272727272727
907 0.4727272727272727
944 0.4727272727272727
991 0.4727272727272727
691 0.4909090909090909
843 0.4909090909090909
887 0.4909090909090909
661 0.509090909090909
715 0.509090909090909
767 0.509090909090909
913 0.509090909090909
963 0.509090909090909
981 0.509090909090909
999 0.509090909090909
786 0.5272727272727272
881 0.5272727272727272
908 0.5272727272727272
915 0.5272727272727272
845 0.5454545454545454
856 0.5454545454545454
861 0.5454545454545454
867 0.5454545454545454
870 0.5454545454545454
919 0.5454545454545454
956 0.5454545454545454
986 0.5454545454545454
836 0.5636363636363636
916 0.5636363636363636
814 0.5818181818181818
842 0.5818181818181818
844 0.5818181818181818
914 0.5818181818181818
959 0.5818181818181818
984 0.5818181818181818
809 0.6
860 0.6
961 0.6
982 0.6
989 0.6
787 0.6181818181818182
813 0.6181818181818182
964 0.6181818181818182
966 0.6181818181818182
811 0.6363636363636364
815 0.6363636363636364
835 0.6363636363636364
785 0.6545454545454545
818 0.6545454545454545
837 0.6545454545454545
865 0.6727272727272727
868 0.6727272727272727
955 0.6727272727272727
983 0.6909090909090909
985 0.6909090909090909
817 0.7090909090909091
838 0.7090909090909091
863 0.7090909090909091
866 0.7090909090909091
857 0.7272727272727273
862 0.7272727272727273
841 0.7454545454545455
965 0.7818181818181819
869 0.8
967 0.8727272727272727
839 0.8909090909090909
